start=20.000000
speed=0.385543
pause=yes
volume=10.000000
